version https://git-lfs.github.com/spec/v1
oid sha256:233582065e27ac7500f39db9052b4ad13ea8bda6746eb914d66197d880386a91
size 1095102
